SBS1	SBS2.13	SBS3	SBS3.8	SBS4	SBS5	SBS6	SBS7	SBS8	SBS8.23	SBS10	SBS11	SBS12	SBS14	SBS15	SBS16	SBS17	SBS18	SBS19	SBS22	SBS23	SBS24	SBS26	SBS28	SBS30	SBS31	SBS33	SBS35	SBS38	SBS40	SBS44	SBS52	SBS88	SBS92	SBS93	SBS96	SBS109	SBS120	SBS.A	SBS.D
A[C>A]A	0.0164092944146295	0.00860184644664464	0.0179300854236837	0.0251935602461263	0.0458342643781269	0.0170408865456392	0.000690215348842675	0.00146265582847461	0.0343416361150183	0.0342848713981408	0.00202748051984956	0.00882354141067399	0.0117696138397776	3.17009426713245e-05	6.27864732656452e-141	0.0194608902474736	0.00674204445028997	0.0362924118382777	0.00693825360258622	0.0071799447982791	0.0204111676798868	0.031483966529291	0.00368457588783254	0.00315784489647846	0.00482666766846838	0.00504692833414856	0.00754855024206528	0.00707825627178155	0.00933383981856501	0.0158194892902014	0.0019135347329846	0.00627821059531076	0.0057932122493841	0.0171503725756509	0.0111091337993257	0.00275280305962083	0.101605387584078	0.0109438869216173	0.0218324591870183	0.0455781070434554
A[C>A]C	0.0109688752343501	0.00490639106702525	0.0135480044190872	0.020466097137479	0.0262050861589781	0.0102007623378244	0.000953361379547883	0.000256099850090235	0.0320176678531666	0.0267565091998249	0.00417891288413079	0.00340958122597706	0.00440480682872213	0.00242836938771233	5.74821764811834e-44	0.0035473754685185	0.00481655340066042	0.0146292718351041	0.00258532555572157	0.00471805472157476	0.00955265635445483	0.020102639786381	0.00311236346631185	0.00345997094642149	0.00162603274532698	0.0232217030315124	0.00465711645905132	0.102846976026333	0.0058170106222861	0.00209001646293083	0.00158283780935563	0.0105441067772265	0.00555837818745693	0.0069979786391475	0.00605945827225165	0.000657676060911268	0.0170298684438035	0.00683890264641829	0.0113392282070677	0.000841196733130989
A[C>A]G	0.00233707394061646	0.00168602906146736	0.00263026641668701	0.00305353751406459	0.013667754741888	0.00231158325116636	0.000201009515665825	4.69797159194093e-05	0.00364268369758084	0.00262699230934904	0.000443155846979886	0.00088666476681479	0.0025311407486747	2.73416517822134e-05	1.13270253135595e-181	0.00302100036433104	0.00152870481542339	0.00328265388190607	0.000655925033409193	0.000904204025491735	1.18790099686021e-12	0.00775898977469388	0.000291937453404597	0.00074232194031263	0.00081118534649011	0.000995910837185213	0.00107175037559969	0.00207064226522378	0.00102271775055218	0.00242320861955847	4.11002668707641e-05	0.00241516146043444	0.00057699562034063	0.00512486852365258	0.00139243114106381	0.000143550221300538	0.00611385374912171	0.00104189808791501	0.0238224529583072	0.00131846196019097
A[C>A]T	0.00804236265444447	0.00524791163123662	0.0150653825667128	0.0213329529847753	0.0293280550741115	0.0094636358426422	0.0025885073918656	0.000555005877204118	0.0361539693402004	0.0249718301440508	0.0149934624599271	0.00426776095125722	0.00569245071595668	0.0173311929928357	0.00372667583907988	0.00760119859390791	0.00631617147534999	0.0201386844949806	0.00461939124390019	0.00421176938798018	0.0251714221585017	0.0195609346518412	0.00510383224426453	0.00228402058711118	0.0021674932051396	0.0083129975233513	0.00465285943827139	0.019335989178655	0.00700792226318687	0.00573556291435929	0.00373606842144854	0.00492422879593356	0.00306778736663498	0.00694901946430715	0.00946724137050538	0.00150985984773368	0.0533735562004973	0.00916710982723841	0.0122213749199556	0.00273403901696443
C[C>A]A	0.00850928126836506	0.0084153978171753	0.015345043986313	0.0186631599994912	0.0577481632539186	0.010259695576416	0.0061221683852942	0.00162991268490528	0.0282765069997359	4.13476259281177e-05	0.00451424141025892	0.00242135866085485	0.0154908479472085	0.00452289039549392	0.00383533075860909	0.0125734206126657	0.00856408096050724	0.0357392054734409	0.00704157472784038	0.00727164480538355	0.00151820585586	0.00917944800270586	0.00688961740434552	0.0047166432221524	0.00571589844927257	0.0160204063333425	0.00883539165262385	0.00966622122426526	0.265489353378663	0.011287544048125	0.0105756892259595	0.00696943731516659	0.00383824316016617	0.0147490479543696	0.00677623859572928	0.00252465068660618	0.0712833931573608	0.00614435461203567	0.0116281624415806	0.0030791333863525
C[C>A]C	0.0043290029062133	0.00523245397197087	0.0148833426868947	0.0154248203260393	0.056410275632129	0.00623927607674033	0.0135727402848917	0.0010082441562227	0.029807406772211	0.0223807548617549	0.00270726116118357	0.00198048456750285	0.00857926723448797	0.00531479398316297	0.0067114882530681	0.00854030111677404	0.00477448293674524	0.0121289374028541	0.00665339574842539	0.00704808257214523	5.46496685848334e-05	0.018722179340538	0.00995277475934188	0.00498251703163408	0.003887325913015	0.0173725119116307	0.0035695645868786	0.0277829274537061	0.0325350367499554	0.0120029729311719	0.0201888340507505	0.0070246589209004	0.00244696589566239	0.00932860723721053	0.00664063272002478	0.00231505981986135	0.0155190292400558	0.00250268327212346	0.0061906256507078	0.00727104297228611
C[C>A]G	0.0015494102575534	0.00178006844698445	0.00247148058879144	0.0021104083247616	0.0162528947092004	0.0020168505604644	0.00192076199220547	0.000392888558825433	0.00246335083685056	6.46983590785677e-05	0.00077485071918321	0.000135820244111068	0.0026757369851455	0.000681071815349558	0.00112582387448088	0.00281732700452714	0.00199862244509016	0.00487333411412994	0.00153645305840431	0.00146886668469166	0.00366152276020084	0.00608663893533709	0.00220477078333374	0.00138360447817049	0.00121186544485904	0.00178989661042026	0.00318581160192576	0.00178207288411415	0.0335474605537391	5.47720584957464e-05	0.00322693728770835	0.00187762287097187	0.00027633714198721	0.00422510773185333	0.00113914677220495	0.000551114341367505	0.0078571526944789	0.00126212609890291	0.0194807203499031	0.00452143838288234
C[C>A]T	0.00621479974119914	0.00606114016160866	0.0134634494302782	0.016207291802438	0.0466462129145349	0.00670344534515483	0.0344498396374929	0.00288459700392321	0.0285482235554648	0.00919306364259477	0.0199365408269852	0.00187794277143145	0.00720437319609162	0.061774167973406	0.036315966501129	0.00400285044876969	0.00789814589531175	0.0314265391487141	0.0043127452337453	0.00555761427628728	2.60281752451209e-18	0.00513282486554342	0.0262921956744094	0.00443552231905751	0.00124271595348519	0.0490397868608182	0.00233526595443172	0.0459512847951249	0.122933871599661	0.000765257827017877	0.0566904205431615	0.00690743226290088	0.00377945903444466	0.00553708474180139	0.0084907845414953	0.00652754851222518	0.0510723767259921	0.0049910749475226	0.004912583197169	0.00174663942021488
G[C>A]A	0.0120464362418207	0.00630380887272404	0.00970036608304726	0.00862041118367717	0.0285657396989294	0.00740619369629958	0.000654181908234691	0.000546669241409968	0.0134891615065762	0.0137878743523084	0.000604578324093713	0.000696951385948814	0.00848622671667394	0.00118390480334037	0.00163524682857623	0.00786860263008361	0.00666652274749938	0.0596292860466062	0.00489246578732187	0.00517730153753875	0.0214427387845525	0.0485168152767915	0.00129226132478299	0.00213743331806186	0.00466323779376495	0.0116960673689475	0.00782292348264481	0.0132568053917542	0.0141099599487902	0.00439956504289734	0.00151429795336076	0.000358846725105179	0.00480967495831154	0.0100765088806321	0.0103878888047629	0.000918711218560146	0.0694172420463557	0.00569795224934188	0.0162412248263487	0.00186535774034982
G[C>A]C	0.00508010595146067	0.00380429013702373	0.00864848986675139	0.00929799043878207	0.0280753796376045	0.00632476807701303	0.0030256158598778	0.000162823926989646	0.0149665868938907	0.0138283805093025	0.0040817545207498	0.000673902583071384	0.00368781225468348	0.00509515849790189	0.00614903659147858	0.00341026593930305	0.00432027835566579	0.0139754773439136	0.00140345981942176	0.00655422964823038	1.03215924988779e-08	0.142795489107065	0.00275172422322097	0.00251160857975897	0.000960139775925273	0.0342488559504771	0.00456406969273948	0.067515951647986	0.00621846889557093	0.00140328253735065	0.00355321781490159	0.00598802042620119	0.00287170622813071	0.00783174258391483	0.00814140136565119	0.000476957484285952	0.00945692277464072	0.00314351528179472	1.01504645380803e-05	0.00144110313988503
G[C>A]G	0.00209308144517272	0.00153765297733841	0.00130149435267105	0.00225311562799526	0.0126019050748243	0.00213010485867495	0.000444498459753852	0.000114375585772111	0.00146867771940244	0.00226469575638386	9.1347950702254e-05	7.3536091404043e-05	0.00123238527425539	0.000318740759614163	0.00091139188543354	0.00274770601940494	0.000874780267747187	0.00396897394719732	0.000962260782467457	0.0019115641062809	0.0060250764502003	0.056211727397319	0.000482072465803016	0.000274652824391391	0.00117701591995265	0.000966836749714904	0.000201521272468628	0.00297432790141906	0.00102166179912432	0.00129666621080246	0.000370938063357495	0.00320437050427559	0.000382763620924973	0.00435875003779294	0.000801079780519256	5.9980787985634e-05	0.00471526602530855	0.000557257455035267	0.0118796824663708	0.00371872372133878
G[C>A]T	0.00686845372268954	0.00430037353387154	0.00805688260862896	0.00943970033695454	0.0181057755285395	0.00502429608121764	0.00692631891647195	0.000156605192825823	0.0165004051142826	0.014813494399591	0.00879233819964414	0.000579717332897278	0.00227313455050203	0.0344758779003491	0.0275718507124297	0.00408626516203089	0.0051909984726386	0.0370638801607185	0.00252425662714015	0.00472254717299573	4.07155120020368e-06	0.0584774942015399	0.00554571094078889	0.00194738435379792	0.00428632020303457	0.00551601715050836	0.00331908487468279	0.00686426109018968	0.0079818640720496	0.00703732907284712	0.00941594101996539	0.0016828045596933	0.00416785575524377	0.00513352963844977	0.00708903177367027	0.00163506172863486	0.0429301047724887	0.00369138710547251	0.006573761508176	0.00206115794071663
T[C>A]A	0.0112031408020543	0.0230933809591772	0.0125979209593492	0.011966924389435	0.036662191345185	0.00831947990355759	0.000406078586515326	0.00189669351155443	0.0145751222501386	0.0239906134299082	0.0770607870129569	0.00278582833554615	0.00584643448090783	0.00231892540540729	1.82234152985287e-31	0.0152003293244615	0.00608403873742752	0.0576759849837782	0.00628938333407275	0.00669913391287526	0.0229992773037544	0.0238741238212788	0.0022484543803384	0.00692459730663142	0.00616189027855511	0.00599151373748552	0.00830709141597317	0.00392785447679448	0.0193906330747239	0.012691049508907	0.00108288661000649	0.151581837502603	0.0081572759045544	0.0152156192627257	0.0116647539395712	0.000853834322445332	0.0583765538839637	0.0066917426251657	0.00510333904970464	0.00387117364712943
T[C>A]C	0.00900355569747978	0.0121472331442742	0.0131829981714618	0.0137100178761106	0.0416625859992009	0.0100346170045589	0.00242386083000485	0.00262702159025912	0.0178223361877702	0.0233474259194111	0.00775718522407735	0.00203108834628832	0.00757727600696611	0.00768528377945983	0.00229077962824321	0.00908725121137532	0.00465757991270388	0.0296500461765442	0.0045823746476111	0.00595070310681507	0.0171436821534695	0.0436081203073208	0.00208796250800423	0.00701499605590749	0.00283334681744797	0.0101912893846924	0.0061231076513834	0.0439846489169654	0.0124494422062261	0.00526553709718408	0.00257099602622996	0.0574458669038543	0.00395033374272593	0.0138841385778772	0.00766778663135989	0.000638997535053202	0.0261303040785345	0.00250119202301586	0.00928690806357759	0.00329107844475819
T[C>A]G	0.0024520585974081	0.0022022021409757	0.00142414675330334	0.0017645636655014	0.00763785898057775	0.0017099334058612	0.000141702782568246	0.000222141393863627	0.00111838598416287	0.0029043928616111	0.00260659351100842	0.000219043928057478	0.0019781442891432	8.3392358374859e-05	1.38714302570642e-18	0.00249726125017887	0.000842890118705701	0.00568118048258635	0.000769006011007747	0.00120014129179899	2.91027016435568e-08	0.00900376316802521	0.000228599289239013	0.00111291894932895	0.000311736349377768	0.000618294543215562	0.00189467099291333	0.000358421810434729	0.00192567972093896	8.23425298280122e-05	0.000129388537691686	0.169771875489354	0.000281048586142177	0.00334402425114845	0.000227223290095195	0.000157093144628122	0.00634006277683389	0.000764096123453544	0.00264703598304414	0.000472281509142588
T[C>A]T	0.0182257827394057	0.0182906439778212	0.0119867211280426	0.0135378527598804	0.0346234226833279	0.0092920201856814	0.00798031604014815	0.00251331034495708	0.0193679127006788	0.0315639509535324	0.333340067278044	0.003019782884706	0.00475950863999724	0.0745570787190626	0.0166664152678659	0.00996640550228545	0.0115226960335882	0.10174022291812	0.006949375061989	0.00745167030792903	0.0120504675341931	0.00717045567566304	0.00994355512566726	0.00853385442675287	0.00967385075041379	0.00862427264658231	0.0118264967924397	0.0138862015688999	0.0382675409335016	0.0081128257161407	0.0119845759948278	0.0467117022817259	0.0101686979979158	0.0129194181401825	0.0160728957333989	0.000962430398935265	0.103140206135275	0.00732998320223254	0.0111035556132185	0.000802722421336186
A[C>G]A	0.0044351724852619	0.0053279440072913	0.0215979176132379	0.0131003353533652	0.0108382472574861	0.00845902603541902	0.00190271829491587	0.00023834984904372	0.0115465646765464	0.020348543608699	0.000351059125101933	0.000327218042568954	0.00443568185002506	0.00108148778279576	0.000576007570469324	0.00515294854865575	0.0038168128469987	0.00743503369254686	0.00264586829664128	0.00209812508472765	0.0101806675963814	0.00489745395382762	0.00258301350294567	0.00315255862926799	0.00399971506316428	0.00273369526060049	0.00479179810865531	0.00612961722865207	0.00317435960176904	0.0250432505777261	0.00247053246949216	0.0139243494121879	0.00198044658374975	0.0069253033595055	0.00807749566109336	0.000382741225291588	0.00510981216429634	0.00778329218449749	0.00873629875102241	0.00415485982051993
A[C>G]C	0.00300160624647372	0.00266683010925995	0.0111701544510949	0.00760511256359645	0.00419959250077115	0.00528119378774582	0.000341565490407027	0.000172421768489698	0.00502614476625536	0.012112054880591	0.000155501644884812	0.000400922522983034	0.00192827940381837	0.000276727304464767	0.000298547736096525	0.00349195698884694	0.00211015482943604	0.0049819907249284	0.000583832667164695	0.000919010162053228	0.00764753245626026	0.00597951148059048	0.000870658647279948	0.0022554413008625	0.00265158588460179	0.00355920947901011	0.00420336327834786	0.00139279043255172	0.00440385243320844	0.00857800893761273	0.000542658224336125	0.00412602553340817	0.00111992572944272	0.00410749176877381	0.00595579602644044	0.000226599965021829	0.00310489350615617	0.0068073298667657	0.00856299440453535	0.00625825246710952
A[C>G]G	0.00114239736559277	0.00102134420448413	0.00489259812464682	0.00404802740032669	0.00222752787393921	0.00138139096053808	8.14493983465413e-05	0.000242378915104623	0.00145517457308265	0.00424530929037766	4.46432058039233e-07	7.525573073572e-05	0.00031486942134518	2.69298316247785e-71	9.06649534961777e-147	0.000432970328544399	0.0030375184445786	0.00406260235377495	0.000316586374209713	0.000341767070599138	0.00384884210493242	0.00228801692601493	0.000402764470007131	0.00109282501100987	0.000370967312877651	0.00114394226552079	0.00126444021409079	0.000218046212419887	0.000711557292076414	4.15862780267636e-07	5.27069228543036e-05	0.00271396002153178	0.000168454829698389	0.0015672182368957	0.00122033734228353	0.000166726633037511	0.000836457029920434	0.000635989166134313	0.0818282112958228	0.00437173473773626
A[C>G]T	0.00400533931881702	0.00548520641191327	0.0223709081914162	0.0150515670484201	0.00578199493186939	0.0071243915085812	0.00096885115886681	0.000670272893660082	0.0101846515215472	0.014582557496836	4.87930353729095e-05	0.000545931411630051	0.00200272874456449	0.000250183175211959	0.000309220865123449	0.0141313544086338	0.00555035686535151	0.0062670295373264	0.00243149530734677	0.00157863818812785	0.00499988426856518	0.0029771722156236	0.00314813707454599	0.00295151174791003	0.00515206673990955	0.0047439503859707	0.00366571403108135	0.0105153483769117	0.0032600152233147	0.028688881927287	0.00185164815193241	0.0107288164094091	0.00109642962826716	0.00698690065316936	0.0217670700779505	0.000228600419666524	0.00489099541371186	0.0147962357168985	0.00810361880965571	0.00480115883209815
C[C>G]A	0.00165965333813477	0.00464428006567302	0.0148755227060136	0.00920321325748756	0.0101239124683613	0.00432018732288176	3.28322833994309e-05	0.000236654542835406	0.00736622155837121	0.0106940071893039	2.72704177623684e-34	0.000243624196107463	0.00248376506904666	7.14289120394457e-06	7.31188213858954e-312	0.00424823966687061	0.00269986863969993	0.00257778011751722	0.00145860658992066	0.00135884501558589	0.00678526509274713	0.00146806804240757	0.000225334201678958	0.00397331470526305	0.00282156068874467	0.00239120524270258	0.00316694872228968	0.00257229252548464	0.00258587965807493	0.0141133625779691	0.000220077352388116	0.00620177043913111	0.00105485919641861	0.00637962776433472	0.00327054517798957	0.000156400775346214	0.00297752195097878	0.00405062883345333	0.0138905267247673	0.00247170306912319
C[C>G]C	0.00195337588739959	0.0026466915896621	0.0123072624429875	0.00841842132534685	0.0079781866547388	0.00478290476077349	0.000367578239777775	0.000453009093139898	0.00749635314969392	0.0105714237191195	5.28035250935673e-18	0.000248166979922863	0.00211150681784543	6.52827201536555e-06	6.36366589998466e-05	0.0044323960437108	0.00245950526550505	0.00298102486545698	0.000933041311979026	0.000976879684369191	0.00775512281275126	0.00510467328248222	0.000215026463889309	0.00520197431459851	0.0046094447373975	0.0034034332667728	0.00443533488831328	0.00144194537171578	0.00222115943637092	0.00613593063848493	0.000276898094223947	0.00324786345061559	0.000318785056354405	0.00577860128582068	0.00413821538389843	0.000390293406698113	0.00260362997342113	0.00318862247460283	0.0135497381423831	0.00172162502530364
C[C>G]G	0.00120741931026968	0.00131947260050296	0.00422847998423859	0.00351964693920455	0.00384731723191229	0.00140751849961667	0.000107703037511565	0.000337440024604378	0.00109549449758003	0.00344141387642719	1.45528687768883e-20	8.84228149585085e-05	0.000695979834967	1.07204453550821e-108	9.88867738920414e-73	0.00159241717438168	0.00144651546417912	0.0027924437912009	1.04796613750638e-184	0.0002594545229236	0.00323574241478354	0.00208751038308092	0.000367193511475938	0.00192912813465869	0.0017382525617448	0.00109485819743411	0.00273053343346486	7.93210634350216e-19	0.0010488819286971	0.00116988388983359	8.39676766976121e-05	0.00048215905176627	8.6779197400224e-05	0.00322612310071359	0.000205620008282922	0.000120588308983683	0.00106931685161228	0.000556143404010537	0.0258579569879059	0.00058208795557404
C[C>G]T	0.00292264684307706	0.005905941391573	0.0210392100049102	0.013982554856462	0.0075238437527455	0.00719125246835082	0.000127984638698209	0.000783124745861549	0.00963037619731022	0.0178391594198568	6.5471615296211e-26	0.00038138955456418	0.00258700845258237	5.24490848577135e-06	4.88130296299172e-293	0.011230520862398	0.00372887901763807	0.00439355252672418	0.00245206684112484	0.000934068584078277	1.2841778458178e-06	0.00351195579454002	0.000175828866152418	0.00493982485025744	0.00488085635591936	0.00695892352635623	0.00274742225224326	0.00504214111484203	0.00237120779147986	0.0136206302896077	0.000147710608078041	0.0026586514803354	0.00151106472382183	0.00746837525931657	0.00782472581889213	0.000515196706049184	0.0036787080595782	0.00724424043765651	0.0113702977777099	0.00158328249435569
G[C>G]A	0.00172305331286372	0.0024896585234092	0.00988707398940994	0.00651567022827628	0.00698723857086549	0.00379415790445076	0.000334890835340546	0.000143637459882214	0.00434077833300207	0.0104115997763619	0.00023612387083907	0.000147616260616039	0.00158082544683934	0.00077524244998898	0.000504934746692718	0.00212941226546291	0.00206862814235633	0.00216799507778812	0.000561826717585184	0.00130860719367036	5.37657572463376e-08	0.00280865620251786	0.000470012919542828	0.00131163205522692	0.000365449144896055	0.00227954873314654	0.00160025591708095	0.00328890941741343	0.00162032943763287	0.0061759571253115	0.000677208805782158	0.00427421143759852	0.000829076627225575	0.00389391856189217	0.00253354052784659	0.000177820217154688	0.00297801309618181	0.00310441283178647	0.00690243672154815	0.00590271952725119
G[C>G]C	0.00213136857280029	0.00270151555743551	0.0100478643982692	0.00515822069427426	0.00604030059358678	0.00398347142848798	0.00122058292622367	0.000235740898192753	0.0031780224809801	0.0036933584061849	0.000331871574162859	0.000350524564926091	0.000661305330049729	0.000396307700259166	0.00102284105630864	0.00382058423386831	0.00292121783502844	0.00299753730338993	0.000749227254884118	0.00129830403292495	0.00527013459382508	0.0113789083928758	0.00198018488408465	0.00238228721116625	0.00189175958484146	0.0143196123182961	0.00401175569441969	0.0101329019180681	0.00176913961878518	0.00372433912893188	0.00145620406482499	0.00216028854353433	0.00103023497647584	0.0036120735025457	0.00690845952387515	9.6152225886829e-05	0.00327662223680305	0.00768429552770081	0.00590145550519385	0.0055772888909781
G[C>G]G	0.000499939268140273	0.000558098916099197	0.00234229717483183	0.00177103075358464	0.0034292458591916	0.00103141357156907	0.000138280836782631	0.000113910732797827	0.000746512138186416	0.000571719296212032	6.42454333190063e-13	5.31282462348863e-05	0.000573002322248944	1.46305908886155e-06	0.000107982479096679	0.000633392282250281	0.00073073256896411	0.00107509762959093	0.000787832239586187	0.000323066542186874	0.00414544390346962	0.00541905730290389	0.000245539283404937	0.000398825984985944	0.000267309819232385	0.000414157286644286	0.000822539969723593	7.93210634350216e-19	0.000212400523266282	0.0022903892788314	0.000109909312386718	0.00209250808338851	0.000218080713183493	0.00139239551684059	0.000274007724870728	0.000107525775814402	0.000792484021999643	0.00105265120517905	0.00876911658562631	0.00316318873740962
G[C>G]T	0.00192619160790733	0.00349779661867649	0.0147345264220545	0.00884572520141621	0.0040359039901537	0.00483233300364878	0.00061116024640796	0.000235635125828149	0.00663316279628846	0.0109932724725707	0.000175584007166021	0.000244693644107483	0.00122343538508226	0.000382617559664148	0.000427021299071192	0.00545975552322794	0.00288821729935162	0.00359536073501297	0.000728422660529354	0.00132201157473706	0.00324366931945156	0.00421467082495654	0.00161079414989274	0.00303870647695157	0.00118717413964138	0.00528411546454991	0.00139384323592854	0.00379263916606308	0.00139991713914986	0.0146681017032342	0.00107680204566726	0.00242456448359025	0.00105224576696825	0.00243140709659394	0.006643083004569	0.000227763794351247	0.00301761552305881	0.00554359338389016	0.00964088055045963	0.00292726775375502
T[C>G]A	0.00165485908795082	0.0963594259519025	0.0263485192812326	0.0113076594469979	0.00904135706051013	0.00333408398649631	0.000317172818032338	0.000320958461676073	0.00173822912283567	0.00476414458542386	1.94597020262015e-05	0.000137935837890254	0.00309346077519899	1.83649274449715e-05	1.94295103678895e-124	0.00110566258882761	0.00709103999843381	0.00479094702226923	0.00198347113684345	0.00303699640588585	0.011739906818483	0.00510391438652164	0.00274695147838712	0.00418732672070168	0.00790709642525098	0.00418767082116938	0.00560744892414488	0.00680912262148616	0.00563936481796258	0.0216831406836027	0.00195974243375443	0.0082147362954018	0.00145940160217502	0.00862099094227887	0.00542835377468811	0.000487960959725795	0.00118031478157854	0.0108197039353101	0.00943111763134904	0.00297402152815226
T[C>G]C	0.00275739234741627	0.0232942198716147	0.023343574706347	0.0131699239514838	0.00926403133513614	0.00588022160255884	0.000125711614897733	0.000691586698561807	0.00698399722524505	0.00825483411608319	6.07652301467317e-06	0.000656530911112757	0.00152690136700614	3.92628488829557e-05	7.26191675024166e-176	0.00525402841383106	0.00322331812020476	0.00417606509484418	0.000946481212122189	0.00189897234911309	0.00897983254133147	0.0109470735518561	0.00072799566221732	0.00399983871788524	0.00600157830164538	0.00333983744817346	0.00526723935604305	0.00334622387596306	0.00298200321601188	0.00865482786329684	0.000587848060585225	0.0052284253496059	0.00134901085987723	0.00644984414193339	0.00480269247187189	0.000221810624699146	0.00320142234988488	0.00818104376925997	0.0182332399375963	0.00296861942464654
T[C>G]G	0.000820691990659787	0.00450881307137027	0.00308037847215875	0.00207081529708022	0.00231097563430971	0.00157772604842657	5.0952189435507e-05	0.000198620268784762	0.000431393291862846	0.00228175107298611	2.30798193227421e-13	0.000108432790870672	0.000480421303885136	0	2.02717701147782e-66	0.000284293570493352	0.00136485411939115	0.00227446708432544	2.79821432253225e-133	0.000469660620095625	0.00425663733221474	0.00153564588946248	0.000130267327305681	0.00174762533280207	0.000466770066025396	0.000736395126200058	5.1125530256383e-05	0.000328402812316693	0.000438458445227651	0.00180801033660301	3.6085227969822e-05	0.00305136417150246	9.0748453328888e-06	0.0015309450496797	0.000891193979602347	0.000142608907572663	0.000504159436531635	0.00122305803011583	0.033766068132644	0.00245328615928627
T[C>G]T	0.00665753355560123	0.115680998464153	0.0511633132806502	0.0249519152846161	0.00635641371864298	0.00728511569180782	0.00126957624265318	0.00121412495516864	0.00782676454351154	0.0070663757201611	2.28742297376823e-05	0.000735167002807104	0.00294345679256848	7.99518393648157e-179	0.000596595122757402	0.023327057504736	0.0124261618773441	0.0117109078553222	0.00395960936482572	0.00396075131124104	0.0120389910386844	0.00573315407364665	0.00553111196149082	0.00550351380781263	0.0128887980159822	0.0100199213811015	0.0116974911385389	0.0121940076194338	0.0107413512260283	0.033869303518566	0.003842064207013	0.0142354075543342	0.000910776982190776	0.010729823112291	0.0323974797061748	0.0009529226053663	0.0043304531707859	0.0288156771855699	0.00670665033460138	0.00378698841026987
A[C>T]A	0.0254813122212723	0.00973369409342071	0.0178266294795816	0.026291024231534	0.0124307341828515	0.037761341489033	0.0496225718142436	0.000470159950579815	0.0250204316570586	0.0230265720170484	0.00188466785564401	0.0502427843899848	0.0109908380929015	0.0266242078689908	0.0331799484961149	0.0100438092752889	0.00771094563119695	0.0164312959101399	0.0130321819875764	0.00448113038033366	0.0372389733057516	0.0133714569456196	0.0135838309275224	0.0114967329746732	0.0800486943324952	0.00983298693282851	0.00798558714561882	0.0163031383570097	0.011665426846643	0.030942830582072	0.0577340276880751	0.0256842470216708	0.0046408449832076	0.0201744338149693	0.00173556206777521	0.0222810290521956	0.0120832889393338	0.0122357632821756	0.016449872734657	0.00859409492785614
A[C>T]C	0.0134908725340642	0.00371106834347158	0.00685347127515331	0.010168748833462	0.0053933265712014	0.0190984741698165	0.00981290588064904	0.018760746927628	0.0099093836315725	0.0106146339835465	0.00427710795730027	0.0975603543586549	0.00346195271934595	0.0215824546972124	0.0128126883749751	0.00618745732063378	0.00360968521450129	0.00801029073580796	0.00579354307888589	0.00237542628552003	0.0405815061805513	0.00751602240128153	0.00506547950299605	0.00607374276298102	0.0609049729783778	0.00587822521477369	0.00461666977995114	0.0117434746499653	0.00532930378541153	0.0183489237768407	0.0109200621966832	0.0111673176172968	0.0026937365109989	0.00976427194981847	0.00212505762306289	0.00141331439107436	0.00669294896786019	0.00598512847966229	0.0057478424570238	0.00748794451919129
A[C>T]G	0.143067543550604	0.00906916003415763	0.00761936477545178	0.00990436621678968	0.00264973607884207	0.0369424373986473	0.121906701218892	0.000171003109639779	0.0155728204883173	1.11566947658689e-11	0.00438554103304545	0.0103375295938439	0.00118786458294958	0.0454647263630149	0.0414012703892773	0.011075204121645	0.0119856995690813	0.026962446693481	0.000357130885384937	0.00413684786563617	2.70239070085515e-05	0.00576426426376936	0.00481413383345765	0.000345884487988585	0.00174204982997266	0.0146286769250253	0.0368483258463614	0.00365856540078214	0.01706302008797	6.97404958937313e-05	0.0326515656430983	0.0107823272884582	0.0222521797825767	0.00488073432244478	0.00951670188936783	0.324527346176836	0.00535998950251336	0.0126356281077699	0.0595182224096609	0.0246896797968003
A[C>T]T	0.0150054093907744	0.00615722034676619	0.0126060899938808	0.0226189035548153	0.00542464167266703	0.02361933541989	0.00883224825387546	0.00793386267758814	0.0242113135223725	0.0289565868535639	0.00608934274846421	0.114511111924927	0.00261719351931154	0.0233344048593108	0.0100479582843675	0.007022921375411	0.00497028782642337	0.0118068151019862	0.0231468178637939	0.00339243307767545	0.0151930914589332	0.00899148512886335	0.00464463299296271	0.00791647138715775	0.013863529191007	0.00632352619703022	0.00665441053483608	0.00733186805458307	0.00586386745726876	0.0258841264905487	0.0118027440752418	0.0109484068853275	0.00405229882495173	0.0113490126413754	0.00700096590674416	0.0025410208314246	0.00710985214624942	0.0067536410907841	0.0199320657640656	0.0139400822800604
C[C>T]A	0.0161198939087749	0.0128926006849825	0.0137231894328669	0.0191724420841401	0.0170008746024971	0.026641333761403	0.00539437430624044	0.0591592921288748	0.0101694827310969	0.0183687704429953	0.000718497159680802	0.0300023317132204	0.0115733904774104	0.00575896453863762	0.0029311286458837	0.0110901095492742	0.00648578520859555	0.0111080801487071	0.0881398272768284	0.00530479600324053	0.0264367658423418	1.47296726048134e-09	0.00236435491803645	0.0101022314933855	0.0809181952752847	0.0235082504799164	0.00484591042643888	0.0153709171809156	0.00687819936182468	0.0228849900558877	0.00484138991122587	0.0286864137504254	0.00482043271616536	0.0222480760692187	0.00372616719711764	0.0108348708238564	0.0114558312299951	0.00773920746717524	0.00990467680729507	0.00925401045124996
C[C>T]C	0.0140959123669383	0.00571330233092032	0.00775744023958682	0.015902894766388	0.0108460790528353	0.0230216654478072	0.00834528437184813	0.0859367420293364	0.0076307481517212	0.0225140971788338	0.00189912155269137	0.088176693984222	4.08517205478341e-07	0.0170458108388922	0.0101324127146879	0.00194820821037948	0.00439328490029104	0.00997280567409578	0.0554228763993485	0.00552977405786298	0.0752625464105078	6.04138904015433e-06	0.00522857083663044	0.00493611875522506	0.0689335674011464	0.126489061963715	0.00617768580476115	0.0822898148611049	0.0133870674401595	0.00923048240329361	0.00872246725007566	0.0084910198969389	0.00462592068573421	0.0159068575988658	0.0112525961423369	0.0016429664150725	0.0064112798234867	0.00671518000068913	0.00989700872309023	0.0150418313026114
C[C>T]G	0.0761626257726988	0.00840254412744528	0.00562809265347972	0.00781519813421568	0.00483287597907734	0.0220232789379941	0.0785562528164411	0.00980454332088974	0.00484812427430775	0.00424941533227978	0.000762672980560244	0.00475206806373217	0.00138504038796166	0.0267797282724643	0.021714848343821	0.00213881027685825	0.00830778207863949	0.0212054776298165	0.0112716455994456	0.00374371058052332	0.000633036438826836	0.0015161692762766	0.00499928969048292	0.000657788538575122	0.00373683396591266	0.0109299767530595	0.0264116943256465	0.00422418662990152	0.00939252130504246	0.00184666655482696	0.0228997339126372	0.0145565223069935	0.0130254295912826	0.00462046568974685	0.00650923606459861	0.191641654301992	0.00528738290295051	0.0139223344084683	0.0423692364936982	0.0464308528299858
C[C>T]T	0.0175087213479445	0.00997178973829273	0.0151775162962788	0.0233548340433273	0.016173748826611	0.0303575580922564	0.00658661705303515	0.0764686941448171	0.021963713134693	0.0317718642171438	0.00280283613882211	0.0808378924094741	0.00488414630908073	0.0174608526623883	0.00792289848467854	0.0140673097237047	0.0064882566016145	0.0109159269843699	0.257659493775384	0.00453916809854553	0.0593892579924832	3.01032911519342e-06	0.00585699112841158	0.00893087372040367	0.0218992285329199	0.0974361790335108	0.00393660772168579	0.0683277634530669	0.00492287766516656	0.0152788855756484	0.00794456582391072	0.0129827049201864	0.00666297012522786	0.0213972470179571	0.0153231581380226	0.0024705819568289	0.00759772527312017	0.010088987861627	0.00548430050234961	0.00896549726726516
G[C>T]A	0.0159641348224397	0.00843391618482108	0.0119892242870361	0.0157952642605859	0.00764145800030702	0.0212880877019191	0.0367622346025646	0.000247925694586005	0.00921025346562299	0.0199619687275427	0.00308033801051122	0.0229448299679294	0.00825372812385782	0.0404018932839457	0.0535538224039783	0.00805805359737356	0.0046667197386695	0.0129491679262446	0.0490476280195338	0.00403146697650638	0.0390614013517022	0.0199834322051648	0.00923872911574439	0.00809543096167029	0.0409255947055415	0.0122649857431195	0.00298436401052874	0.0222587677501256	0.00684193281606727	0.0285907024729809	0.0410315588020391	0.0157897217754405	0.00558063127884977	0.0147645845426557	0.0101945736959337	0.00931236994929018	0.0105952434125755	0.0106010971128811	0.012109193624801	0.0120363125292908
G[C>T]C	0.0168238512594927	0.00605032565051753	0.00711722520468349	0.0111652168062263	0.0051794481759732	0.0197062969181111	0.0443893419996855	0.0114232460553464	0.00726995065675	0.0162734491782475	0.0118062798019917	0.0595026608352776	0.00179759647560204	0.0563171522812756	0.114387656898163	0.0105035237750386	0.004202156721548	0.0104117591673288	0.0359437216323177	0.00431973062826293	0.042657607897964	0.0448915259074841	0.0207026378354105	0.00596812469669167	0.0537741831766489	0.0188350827342648	0.00551604708567627	0.0173220826360418	0.00637255887178345	0.0197972906235366	0.0497965143342573	0.0111065809424975	0.00421707256416507	0.0123017665933762	0.00313719072724793	0.00257513112303502	0.0082503674125232	0.0221044430236587	0.00722661511066851	0.00323240865721336
G[C>T]G	0.0992207957206219	0.00954795416818143	0.00526867740999771	0.00572904360163325	0.00322290020074234	0.0220638309835946	0.121390186821695	0.000262947083394968	0.00483691502821806	1.22676783555944e-13	0.00994213247058137	0.00621594698951704	0.0010220682239765	0.0787501695813908	0.216477378973859	0.00708057406425865	0.00904167397295184	0.0246462784086064	0.00371579873427433	0.00321066753844946	0.0186942095010557	0.0278938336824425	0.0332791962611053	0.00060592312428612	0.00158329725106344	0.00949361685549725	0.0201764369252417	0.00296189121122867	0.0149276357570457	0.00293211021417045	0.0613761787885519	0.0188712886028713	0.0141204795550053	0.00349771609342947	0.00332473994733195	0.170815133922736	0.00490190797927086	0.0357337305871058	0.0282001062201867	0.0337183982211445
G[C>T]T	0.0168757092232585	0.00652686558463458	0.00895042249167319	0.0136933581678512	0.00553581914559688	0.0219311835777574	0.027797200621875	0.0102466964733062	0.0123821213944845	0.0162879575875243	0.0136170465263554	0.0629177759796796	0.00317594460294429	0.0488305882321097	0.0761399261278878	0.0141252403764508	0.00470639036189344	0.0108386994036189	0.112489126854335	0.00381223181869234	0.0486753012766271	0.0237655398135707	0.0127189940202249	0.00579368193617391	0.0109059036333733	0.00959180069814566	0.00556776292516263	0.0152995660620864	0.00649811047748084	0.0247410505809938	0.032765962095534	0.0102053561285496	0.00426232878113198	0.0129260520119466	0.00746332141579138	0.00230470168476301	0.00723961385629758	0.0180932277031079	0.0116491972713999	0.00703145815371557
T[C>T]A	0.0119771046992001	0.185012605140948	0.0066057072046514	0.00797929968899218	0.0110939278415267	0.0190857139480822	0.00550386189703125	0.125151586516833	0.00841266826714796	0.00792767329059442	0.00396814391793573	0.0421943023349948	0.0049575974168549	0.00958546559402274	0.00544962396438167	0.0028256095419846	0.0150257802646713	0.00972986774180635	0.0193321352879449	0.00555471983789312	0.0203928638760437	0.000413993623187609	0.00578644617762046	0.0102685112229197	0.0942624631479525	0.0072735805459082	0.0104622055118526	0.0127054175411277	0.0185747131041444	0.0294943849724251	0.00775416051502088	0.0184561755024	0.00715703497613821	0.0147348537469288	0.000887079037030822	0.0081809412471504	0.00713398364852488	0.00831531686933047	0.00719158400633475	0.0122269584907304
T[C>T]C	0.0168096089377366	0.04291522130415	0.0110152765105072	0.0165814071746957	0.00939979966398559	0.0240880836496952	0.00772610175195509	0.250547999606177	0.0100593120324856	0.00978370120733536	0.013123820552295	0.125290294569591	0.00415013735384527	0.0271195142466357	0.0133186036784422	0.0053010945983769	0.00886686623987239	0.012972454608659	0.00999413529348427	0.00516229721507282	0.0259548960418051	0.012403998880138	0.00553101862398209	0.0103813998914822	0.0891263569308325	0.0169314674679037	0.012549123339286	0.0158178995786914	0.0493303248455257	0.0183389192410995	0.00904235934765996	0.00807045546259131	0.00434276885935283	0.0135809958260975	0.00154771508658548	0.00141650300089903	0.00814134706430566	0.0107248065143185	0.0123697824384458	0.0036541831869633
T[C>T]G	0.0567735910219737	0.0228876871833346	0.00229336668967525	0.00239445216412034	0.00159776512845299	0.0148239593591512	0.0437852868091062	0.0466410053248716	0.00359798666173787	7.20026305112123e-08	0.0579928363164285	0.0100526668681982	2.04171066808693e-05	0.0268604091036803	0.0117444405175492	0.00368357912334558	0.00627483783118668	0.0142842337288169	0.000939853434451257	0.00147288476270885	0.0126701006764303	0.00194831930705564	0.00139584244076784	6.79305443223935e-05	0.00731583924660076	0.0055100863837343	0.0183553427432714	0.00225121392411174	0.00680693213756026	0.00165189111760077	0.010347057851885	0.0133711111430632	0.00775455136685903	0.00233969430255031	0.00179390476696318	0.127500926709785	0.00276247712886653	0.00969251325900526	0.0320279458965007	0.0274455290082523
T[C>T]T	0.0170188476702868	0.10345846114883	0.00890759237531826	0.0150375873960325	0.00980722808705321	0.0239434973452195	0.00729258945442509	0.103587732039996	0.0146607361844639	0.0198871547119836	0.0325964715555997	0.114377613959306	0.00279920365882456	0.0326204947994641	0.0118503271016109	0.00880560990654013	0.0135866255728162	0.0143973231289387	0.0424210175947016	0.00535774627891497	6.54323408014742e-07	0.00432390371317081	0.00830259923430683	0.0122482844158973	0.0369497086962857	0.0152334995135639	0.00779992116911293	0.0123600121758387	0.0176737733478824	0.0217521458771137	0.00982253375300867	0.0117996330618991	0.0083514314069085	0.0179123213120478	0.00486541994033297	0.00349926117696966	0.00956784985008497	0.00935328874009043	0.0113704340938228	0.0730894357119596
A[T>A]A	0.00713980888324603	0.00429789214670134	0.00726148299229174	0.0118999413434554	0.0085001404642426	0.0116166753923171	0.00548004058355236	0.00411322701033044	0.0120276519493649	0.00988251999367467	0.00123148584103513	0.00119657241911647	0.00435911527109382	0.00100312490627609	0.000602346408931487	0.0238468364803581	0.00412699419519974	0.00637931038314935	0.00288875710949016	0.0586831828819425	0.00427924926946008	0.00844040394152316	0.00947890212260096	0.0031007454869842	0.00583472872725594	0.0075530320999709	0.00622024400890818	0.00148598330208539	0.00595873308448636	0.00859420432339228	0.00789418736597427	0.00531185111267168	0.0269794759575126	0.0154066919464511	0.0125774167968859	0.00144358596413374	0.00489737845597966	0.00884997091096649	0.00281311185910281	0.0654359443924263
A[T>A]C	0.00695618575649501	0.00206507661478009	0.00518371429776612	0.00736124471054158	0.00262772163539971	0.00853057711428782	0.00680868744327076	0.00103227964277657	0.0112635002156456	0.00856701688251009	0.00169572769175481	9.09846156865e-05	0.00354252933684998	0.000849841488309237	0.00300127874269693	0.00742580860806968	0.00297216820068759	0.00397466345541146	5.92622986390878e-10	0.00868233228296786	0.0052267919451396	0.00482870435734402	0.00588821706071723	0.00419585893258132	0.00180580558544508	0.00585047011447224	0.00258495961945999	0.0246969163695578	0.00371894214679759	0.00278526270887229	0.00695594791631531	0.00449187816102837	0.0169429834809328	0.00400165790084888	0.00458233401686596	0.00102998597453696	0.00350896577061993	0.00568395192303376	0.00578800010966944	0.000946331357386888
A[T>A]G	0.00637426465806549	0.00285418983818045	0.00776877599972109	0.0119245970045837	0.0107222687620563	0.00996021780316025	0.000179097019563447	0.00103400932668264	0.015318142619771	0.0116274124973968	0.000503567456992056	0.000383448106345759	0.00215627640105138	5.45321117285557e-05	1.26015262192959e-111	0.0130132156862046	0.00282910243184217	0.00402378566243734	0.00316822870518146	0.0534906786369568	0.00342280044422019	0.00532229377217563	0.00155984227483742	0.00264814838103642	0.000731850166444952	0.00420459248706653	0.00320813897135857	0.0018925802658645	0.00247155505210755	0.00737600228454468	0.000883522877827775	0.00213867973837637	0.00358303656533416	0.0105748792658493	0.00477000354436358	0.000614870433141591	0.00345962318686001	0.00566788243349842	0.00974714350550612	0.00192453134077752
A[T>A]T	0.014417416335494	0.00526212288968114	0.00800176254885982	0.0146107038207078	0.00357391299798539	0.0134641106187328	0.0180068986064293	0.0124680116140832	0.0194637631047847	0.0171082563689435	0.00823122717753133	0.00151898472514873	0.0034688356945609	0.00679699733530582	0.0125681576887778	0.0191285065932697	0.00876961589535251	0.0148403758394942	2.07574541971169e-35	0.0175000551408222	0.0152660312835285	0.00562811350345461	0.0267515922876649	0.00795676554595953	0.00417295563773067	0.00798236273084954	0.00696482772065703	0.00704869044205943	0.00517627539272602	0.0128194878375066	0.0219218036930268	0.00779156156880848	0.03074431025168	0.00907081759081178	0.00474394639818362	0.00164750427827053	0.00687411023321197	0.00845095365250207	0.00209143724068856	0.001889346486508
C[T>A]A	0.00172450487474404	0.00304420947830776	0.00819835622137693	0.00951768146871044	0.0128864425089771	0.00417578042610633	0.000543429286781125	0.00092528930937341	0.0135279338005868	0.00853402100325364	0.000537853674856722	0.000373872625124649	9.06356274051603e-09	7.81145213193908e-05	0.000103259504440607	0.00698858646760421	0.00301464374296422	0.00336514593571845	0.00299184373797376	0.0964576107603466	0.0051882910321708	0.000927101043543311	0.00181899000697487	0.00113856382842349	0.000175288126001221	0.020632769067439	0.00951674212949839	0.00973268175791511	0.00242363444099809	0.00277141809922201	0.00134263499467802	0.000437536811766825	0.00111556962888905	0.00833843569339686	0.0159228710582454	0.000362241904213739	0.0065228262087425	0.00350110642612917	0.00708015498047248	0.00132048703311059
C[T>A]C	0.00270537606366175	0.00283497545288112	0.00909067923719656	0.0118405265633848	0.0083800237772411	0.0051410333360919	0.0034811951415557	0.00202171802124586	0.0212216547049455	0.0164656528144182	0.000476314356686699	0.000115475327147119	0.0131950777009016	0.00149641388853613	0.00247992649725256	0.00738345811626468	0.00918331997619061	0.00448970965411718	0.00319783160334717	0.0409392209054808	0.0140658441307403	0.000524885228415843	0.00449532014519853	0.0105654172704064	0.0036404428844017	0.0179357614441823	0.0052413572897197	0.0128598243666962	0.00213806370944163	0.00378281056214931	0.00442675143501412	0.000929402841132866	0.00118629442700116	0.00652895960007056	0.0122259571595916	0.00114162894501778	0.00550634051063055	0.00231595599751223	0.00993421329271517	0.00344219215789601
C[T>A]G	0.00212868527556195	0.00342313200528531	0.0103235435789648	0.0112629397053542	0.0256132041802514	0.00609306995263198	0.000720571202153053	0.000732302377041834	0.0179598469856453	0.0115447731238353	0.000695711074439522	0.000500929405626054	0.00318723670071493	0.000132636487401585	3.24244062863894e-05	0.00675411684835485	0.00545463611795454	0.00377774796528929	0.00571537845273959	0.13478892982795	0.0128082580887282	0.00592994357466481	0.0019969475244861	0.00744924893983486	0.00596920438245781	0.0235763610362063	0.00777348728212833	0.0133557912462068	0.00264587280305956	0.00467919601871138	0.00132981066630615	0.0023996413513449	0.000456223250405789	0.0132325948202098	0.005118422064149	0.000488423767501387	0.00818597327401959	0.00242799746797797	0.00661759906144189	0.005725577636223
C[T>A]T	0.0033796896825476	0.00415624609372134	0.0145989864215585	0.0194202087666923	0.0103863789545176	0.00545118937700952	0.000670763503405971	0.0058702578649726	0.0313144006491066	0.0226587140416716	0.000714211655188181	0.000612900656711617	0.00332819330499999	0.00102350116248456	0.000267908085445127	0.00881399358065459	0.0248462982340441	0.00594677550680459	1.02757718351291e-26	0.044230225589006	0.0122501070311966	0.00807826980872131	0.00209028915251867	0.0145280105716181	0.00192939100681757	0.035812957041802	0.0072706424924845	0.0306515169148458	0.0030167955581033	0.00672133274335774	0.00149241582524596	0.00388787640172686	0.00298790557446269	0.0052381525787881	0.0388788466658756	0.000673790102322513	0.00856972855595644	0.00236342456917558	0.0141177474250371	0.00112274681088035
G[T>A]A	0.00195453226798368	0.00211882663867359	0.00483916138333429	0.00567246481232075	0.00906687506916598	0.00369428469325974	0.00115721205127425	0.00078621056493032	0.00900401213612296	0.00656040811956094	0.00136457886983905	0.00103575589268192	0.00139586721658286	0.000161687313463606	0.000195528063704741	0.00446339501441968	0.0020451234569245	0.00230854460244066	0.00146512945483568	0.0418332754821767	0.0084313485978414	0.00409176775627523	0.00302275424838177	0.00174552382620369	0.000789388160678332	0.00199696060466338	0.00373580949386504	0.000370927176193968	0.00135035286423745	0.00567655861764681	0.0016700589585118	0.000903020237567125	0.00239096206124562	0.00738905662438926	0.00530494483678276	0.000532171682756636	0.00211640436103064	0.00294909840276713	0.00381129889011463	0.000574074911615081
G[T>A]C	0.00241145972665426	0.00127184201093517	0.00409842619545863	0.00507206967945387	0.00289107979991933	0.0037202143701624	0.00343700351091225	0.000583827417944235	0.00787361309343976	0.00267198188008917	0.00251067449487282	0.000499102321556994	0.00500684792295584	0.00127169122570253	0.00317879508521245	0.00213149849346047	0.00323485681621583	0.00279533248940361	0.00164609490369869	0.00847888988200078	2.92669407913791e-07	0.00324448831487533	0.00367200805932152	0.00433098671873805	0.00129790417196278	0.00292723495927592	0.00193148616661213	0.00379156490029288	0.00115510422549455	0.00203406339784739	0.00387661965245656	0.000989085051653787	0.00369936268814895	0.00307127813828925	0.00334505129515734	0.000418745485371574	0.00259883251193015	0.00210855721957074	0.00444479527196216	0.0014695528953088
G[T>A]G	0.00258552546113251	0.00205142559985259	0.00614602887384712	0.00729735119037839	0.012206607504709	0.00397481460860447	0.00204017181170038	0.000568665656316137	0.0107296633855892	0.00925888148128853	0.000527870729458097	0.00142627970645172	0.00259589400084197	0.000115917586112418	0.000675371376628308	0.00681646975451983	0.0022634222928818	0.00235508782011857	0.00403137533507513	0.0304418939383172	0.00648952401164636	0.00222312815488375	0.00346907311294324	0.00253049147530783	0.00216393643536973	0.00242606697961909	0.00408402471035363	0.000388319537069771	0.00208310763088384	0.00482338273596165	0.00264196528871784	0.00100410352250403	0.00060972306662191	0.00863024079201714	0.00318929150278356	0.000264609767166593	0.0022280551484976	0.00286805141441849	0.00431599528219457	0.00505302057865033
G[T>A]T	0.00291966629655768	0.0023674657536258	0.00860832187927151	0.0103976380426472	0.00506415566448614	0.00392582962695026	0.00207220971158929	0.00289352380628525	0.0204387629259923	0.0153551364212799	0.00220846020314618	0.000670506141227888	0.00246401839395709	0.0010941022109616	0.000947283723226413	0.00403727724702118	0.00596625854548962	0.00389126721272197	0.000837906882615139	0.00835502059558796	0.0092896364828731	6.53297394029916e-08	0.003568436008707	0.0064627497312654	0.00141341610366197	0.00178260487359683	0.00267862773390599	0.00181491297408604	0.00218352360242003	0.0089011407856227	0.00266431928689011	0.00113438030069318	0.00881786880163132	0.00472623705495375	0.00295455585706808	0.000459870741088572	0.00351437824907786	0.0034506785851446	0.00810318063762429	0.00201330694573227
T[T>A]A	0.0127866345799116	0.00621787425754042	0.00980700858226092	0.0123387521742385	0.00817458069065887	0.00883620322258602	0.00765444026740271	0.00458850653741102	0.0119835062148834	0.0148915202261788	0.00259892809192519	0.000566803013806053	0.00252255990232432	0.000371162144258212	0.00438994976151112	0.0157322469513552	0.00749000424022774	0.0146171925750289	4.50583804418509e-61	0.0687443734165403	2.31604906480731e-08	0.00708301564661749	0.011173090311719	0.00432761233921225	0.00416328094960285	0.0082033466674405	0.00781494557633883	0.00537305624697563	0.00527387899023578	0.0141214767207111	0.00865852338879006	0.00947089069372011	0.0178117742065058	0.0141060081775895	0.0221569352827032	0.00129643134753576	0.00454508073487795	0.00719660189093821	0.00266756268528865	0.00122408822226454
T[T>A]C	0.00275118146446224	0.00206356669063395	0.00713104212052599	0.00943999733997509	0.00338921852994854	0.00534946202833714	0.000992067470127018	0.00428046819701538	0.013536567936026	0.0114977504574339	0.00122678644073555	0.000469451013433167	0.0207839134762715	0.00121853587199771	0.000495271480929153	0.00711827719932163	0.003666470613315	0.00397071627565395	0.00441379760514383	0.0188803170782707	0.0071865805411975	0.00717853278046645	0.0018370647931844	0.00596402133309005	0.000320219327870392	0.00267169618832505	0.00529838502434798	0.0046095060031308	0.00281522181416032	0.00772641856591985	0.00187447209117012	0.0016371460074527	0.00875777504217012	0.00518304967225997	0.00680999600329982	0.000459021865332712	0.00392939657140564	0.00335335104071846	0.0038422106478708	0.00116116601135093
T[T>A]G	0.00182884781446129	0.00211090748546	0.00561346310677605	0.00742037471807977	0.00900846007745564	0.00402955445342081	0.000370607509750131	0.0020884781921463	0.00912558449558874	0.00580915820077652	0.00199624026435046	0.000565502514404748	0.00515895955319998	0.00010934301490213	9.14727750621043e-05	0.00835634462465983	0.00237328537840683	0.00287892754528941	0.00214796747995327	0.0543102662886531	0.0106919239676793	0.00671879624150758	0.00146425444673121	0.00386156302150887	0.00343774365497212	0.00379372170990331	0.00275984926415575	0.000347462326505257	0.0019694812420021	0.00694530361618733	0.00105798425424955	0.000813372344036447	0.0015062181618902	0.00922863918123611	0.0072367014542771	0.000340958637924948	0.00249364441744208	0.00191320879746764	0.000194895247806718	0.00169701070820988
T[T>A]T	0.00887412699616192	0.00575416847844445	0.0150186071799784	0.0197834809283459	0.00576838510031367	0.00902892249984792	0.0113320966964193	0.0345705041031342	0.0325957521603771	0.0256707742812943	0.00620909829492981	0.00316727865222917	0.0117228832234908	0.00276203175257677	0.00631932497654264	0.0127857850462164	0.0131508620222049	0.00946692990936125	0.0016298095635019	0.0264747626114167	0.0196663896449754	0.00366074362766283	0.011786505275066	0.0141705765912718	0.0031365868806829	0.00711018888552509	0.00679079757513742	0.00253946055921303	0.00433749447426905	0.0191429681795882	0.0154904911051717	0.0114538665295531	0.0421621206016566	0.00841097359545459	0.0214194680759116	0.00424992044198802	0.00921772982052669	0.00779637587525751	0.0175632092794734	0.000416377686346908
A[T>C]A	0.0185905878644263	0.0104605968347937	0.0202031964083128	0.0219146613995124	0.0203020738019793	0.0360004521375485	0.019991043995849	0.00168209570725161	0.0102429162958872	0.00479254044785198	0.00719223664982848	0.00148893546342276	0.0643342990285565	0.0156551796724981	0.0123742487852873	0.137492938416661	0.00975672134153486	0.0118181214080574	0.0274963794825796	0.0222315925578181	0.000459648700800511	0.0105362959630339	0.0608956943972119	0.0112868724188251	0.0156551329123016	0.013359942807373	0.00612646011682683	0.0104866069569594	0.0106275035710962	0.0320305079545015	0.0280520539100885	0.0112109002759036	0.0858565186914049	0.0781033258904587	0.0298070306107822	0.00833217573309251	0.00777727357420116	0.0543922358721287	0.00271289648597935	0.0192968401058912
A[T>C]C	0.00676174864778715	0.00260796312196406	0.00971661773078475	0.00827342433201727	0.0017375463542809	0.0120620608106808	0.0056098453648193	0.000409640199597356	0.00805332363016783	0.0076164837024181	0.00419698392514807	0.000459837308766994	0.0386941683782183	0.00798545783391502	0.00624829430635135	0.0128933699644939	0.0049324493566289	0.00357279880068851	0.00489753776149947	0.00124386971027696	0.0124594160983988	0.00147383686852727	0.018882745724151	0.0103690649223603	0.0035442034145678	0.00689901214637587	0.00322932473658159	0.00488497576726115	0.00261075396780232	0.011244554747711	0.00828804194926769	0.00375619722539832	0.0456931961600811	0.00992449851638046	0.00289649512638286	0.00136568439173066	0.00322264236954625	0.0258840733523922	0.00365134760730416	0.0134601965311608
A[T>C]G	0.0117723375677072	0.00587144779725251	0.0159044517428623	0.015329311159958	0.0142729546841154	0.0232764739794626	0.0141712171608535	0.00108366804146843	0.00831968122370336	0.00441521566795251	0.00519881231336598	0.000413820974648922	0.0416648465325538	0.00877238794919835	0.00990752328428275	0.0424372826307627	0.00574945239061723	0.00554308576140467	0.0106412825988644	0.0104882690414561	0.00967955331731176	0.00403779904920568	0.0460652836832501	0.0174113696543854	0.00841537471709179	0.00656172267213988	0.0569094440624364	0.00278114325833705	0.00487670531305901	0.0186445351217228	0.0258363933372747	0.00978761806492602	0.0104557879543732	0.0466996886383477	0.0059892521715978	0.00586540754359443	0.00436929715972726	0.0340209563739049	0.00412996861665998	0.0260379702895677
A[T>C]T	0.0178923382885391	0.00750725526616123	0.0238578332433958	0.0196942862922281	0.00647146992319265	0.0330723766900619	0.00461550147010842	0.00243475181860203	0.0154255471868835	0.0182899541103156	0.00615161764483636	0.000388518542740525	0.0269893110597402	0.00604817237865223	0.00280679542883657	0.0781601815321754	0.00910323515989711	0.0106289145856533	0.00772976613492253	0.0046294800095705	0.0151957571085987	0.00778438463741996	0.0222860119131884	0.00999910028993252	0.00552410475126482	0.0100397466798112	0.00417461402247712	0.0105738269713359	0.00881006826864846	0.0257586697936066	0.0085174614173312	0.0123406055826355	0.144410262005401	0.0352699289843599	0.00656438865733254	0.002781471433437	0.00859061439039315	0.0481545650598827	0.00513160534010565	0.0177358949909832
C[T>C]A	0.00486799530036601	0.00386497059377154	0.0108456317188439	0.0108291862718689	0.0118481652090585	0.0114777302541981	0.0120474727930253	0.00177077992018177	0.00501834564625622	0.007414474424508	0.00151252513489862	0.000666552604585689	0.0396539791066847	0.00370887802044611	0.00570895705905804	0.0185192841647796	0.00761293603375482	0.00538227307181553	0.00804013317967879	0.00548742524235753	1.98798400571046e-14	5.85310627826728e-05	0.0380196481793996	0.0181855875427927	0.0116841127093353	0.00802316299271118	0.0132343447333283	0.00398360617159345	0.00468610475363004	0.00967773435243597	0.0183233981393163	0.00499269357092964	0.00290398460039289	0.0238249901252659	0.039134630610267	0.00123987521003257	0.00352591384107928	0.0181538692115913	0.00420442969894089	0.0302045441788148
C[T>C]C	0.00432113196581822	0.0031559744298249	0.0130672382460668	0.00967338994045203	0.00228649590021039	0.00877037318403433	0.00626888615882618	0.000476174171790434	0.0127513440305443	0.0107307398617172	0.00134310571739751	0.000686324388804109	0.0582116908193966	0.00580393083260635	0.00538737170022711	0.00605073357643561	0.0244483787474433	0.00424587497733465	0.00749595807683749	0.00380389621632997	0.011126667545309	0.00823738266784359	0.0208422999985931	0.0350865944762807	0.00771436529445114	0.00926188507759163	0.0246592990654176	0.00523242198439463	0.00308017254366951	0.00519510602343757	0.00874279775982047	0.00271068771173982	0.00156720603757914	0.00777590809273202	0.0135362765637084	0.000826753510251797	0.0032942992255662	0.0241481325789807	0.00833602227275531	0.0280977135338691
C[T>C]G	0.00563091694220318	0.00395524870374017	0.0110204281927307	0.00859753359905427	0.00953729943249321	0.010703490168802	0.0166934559033827	0.000604812829305867	0.00501879683960335	0.0084411760609159	0.00254282621775482	0.000383868148254945	0.0324786506379903	0.00591566279678793	0.00972294503103706	0.0121123554205432	0.017154900160918	0.00440411741868487	0.00580560992643011	0.00313528750468552	1.13922991056369e-06	0.0053599503655083	0.0486356229347002	0.0387547985698214	0.0104486222840705	0.00758444342687096	0.0359735356018929	0.00790326368875049	0.00294959195850645	0.0124310061332682	0.028297318693396	0.00514943949681364	0.00113299851945565	0.0189240448529523	0.00174360779287682	0.00157156505030557	0.00358707748788963	0.0163941513768381	0.00323936859513594	0.0382752457976693
C[T>C]T	0.00471784856154349	0.00488765501940115	0.0122439832035006	0.0131959316534726	0.00504746761044762	0.0112991542449599	0.0103328467368103	0.00774721146853253	0.00828561230721872	0.01013390285956	0.00154342960292399	0.00153530671458489	0.0432743452674734	0.00376731115358039	0.00644961359721488	0.0189500689676101	0.0704980626015226	0.00618977489628874	0.0054468975947349	0.00253874094180323	0.01212282449908	0.00934435674250292	0.0343137104978811	0.0559563042670798	0.00632853240877501	0.0205051240375846	0.00571541772971338	0.0152914981252228	0.00700155218959846	0.0114749901978962	0.0171713594712243	0.00273097079294928	0.00377076399486082	0.0138152557881962	0.00639741123041461	0.00122695665624416	0.00503122631577024	0.019900754949477	0.0050480044862281	0.0303609265783344
G[T>C]A	0.00886401122860215	0.00447796373044826	0.0091797467924659	0.0107025339634768	0.0096130152736538	0.0144000748570644	0.0255747101167973	0.000487019884907638	0.00354794295903267	0.00257479139557499	0.00924471223043029	0.00217080133524109	0.0623287634452348	0.0276037283766112	0.0245695196821947	0.0175312278166299	0.00423258010495649	0.00653021126703097	0.0129621414639872	0.00401754200183661	0.00487707931821585	0.00400651633198021	0.0651889784867687	0.0105306421064714	0.00968221648051146	0.00763141587763458	0.00328587213076319	0.00102117409130993	0.00503693367039429	0.0113763016759351	0.0379710092832903	0.00407281303657821	0.00788929624254261	0.0288815667632426	0.0131754164317462	0.018698569107937	0.00315514232516025	0.0315193995166032	0.00393141729611794	0.0133359896751923
G[T>C]C	0.00673689424598324	0.00218200412322277	0.00723782963022554	0.00509922585351015	0.0013004763782906	0.00874998713271825	0.00969796436876648	0.000218176181851876	0.00368795521542863	0.00340791629940037	0.00805011396095704	0.0014977806798179	0.0285537348358069	0.0216086464813353	0.030782178519018	0.00466871157880073	0.00663684685110328	0.00351580557072779	0.00215471147016913	0.00251326051849036	0.0084433318354662	0.00996263846325051	0.0199458420850618	0.0101732104540605	0.00471115697681504	0.0134431649154488	0.00300284984571787	0.00494359526306019	0.0025542254887884	0.00693529706565579	0.0121248481321309	0.00231481806014713	0.00432447214349144	0.00631983582148318	0.00460832619167735	0.00111704471661167	0.00356499858769209	0.0339870787313816	0.00128936892022373	0.0303597119504435
G[T>C]G	0.00690579403896199	0.00361509917920659	0.00777746755859563	0.00836040855306058	0.00632098450664344	0.010917042592181	0.0160617280452956	0.000400622002775757	0.00384567783639657	0.00303611749791792	0.00533259125453961	0.00213444530607655	0.0325741888012221	0.0193497694715909	0.0156209485652276	0.0111363620127038	0.00581410557211577	0.00457760800106801	0.00724590552083176	0.00287929218774364	4.29232887575764e-09	0.0018659562867411	0.0407699737830399	0.0136795513765757	0.00832113777047723	0.00492554863045541	0.132085306398594	0.00177741961058212	0.00482240485284643	0.00733040656792013	0.0273359436143821	0.00223218558250502	0.00160584954680953	0.0171303689094053	0.000723448853127325	0.00592233135699552	0.0024586030688708	0.0218416019205278	0.00214121607588057	0.0378703403198404
G[T>C]T	0.0111072622102958	0.00417593124343677	0.0116327518637093	0.011120352096345	0.00446924716111535	0.0179682373809761	0.0132975677942388	0.0112148788165443	0.00581664227047761	0.00298813619935462	0.0128477467668561	0.00245430496790682	0.0326802736783647	0.0192893363849782	0.00993830711556692	0.0159260514865797	0.00834293752277777	0.00598980852585645	0.00449246715024536	0.00266218274505212	0.0125447817417219	0.0150851839402758	0.0392591586109406	0.012261734553661	0.00425002355540173	0.00619138629131496	0.002898969460731	0.00106598871575234	0.0121414833844456	0.0100077485834166	0.0209049402030292	0.00406970868931758	0.0220242359767343	0.0175090633846081	0.00470935471540391	0.00834300402996203	0.0036993322634046	0.0303034108298585	0.00925561626351663	0.0236976776126346
T[T>C]A	0.00758254561868466	0.00524909513404121	0.0139794162862471	0.0105616667855315	0.0090171940370579	0.0149377982684575	0.0178371821604407	0.00859458785333681	0.00420491945042095	0.00670145166138927	0.00725978299421868	0.00156392271978213	0.0733390632662089	0.0111470569149219	0.00796508240991122	0.0287460164333488	0.00930544006540389	0.00830704706069809	0.0127688004038928	0.00732571514155184	0.00838945783534188	0.00279171085729543	0.0475294784250661	0.0121999986945597	0.0150414322655085	0.00620665342957543	0.00453092420132418	0.00660858892698581	0.00858183076541798	0.020223013075945	0.0264930331866566	0.0125349114935673	0.0227044951110162	0.0334003755780076	0.0941640304551446	0.00202103679762579	0.00523626674970186	0.0270587703954554	0.0105194484809392	0.0118758145116266
T[T>C]C	0.00735093617165804	0.00358226624381026	0.012888716200289	0.00835745689151557	0.00106999612460839	0.0107318219489634	0.0132422252118017	0.00354769092067785	0.00744187164484599	0.007759449708356	0.00783287425629614	0.000969111562653321	0.0457030875092648	0.0108207833643611	0.0142963869248478	0.00979841904405491	0.00984083459571926	0.00722101105969843	0.00498680597552443	0.00209340640906547	0.00782205364543321	0.0104166459601866	0.0294177112471229	0.0160238914071908	0.0052861235008374	0.00521404061748933	0.00391327646044858	0.00248107413838425	0.00442240448915084	0.0127805414221594	0.0179913012501307	0.00887362545767072	0.0118447765324769	0.00743593978514905	0.0138257471546529	0.00132628136637299	0.00363306755929364	0.0353673900388112	0.000147340226468716	0.0250877062912409
T[T>C]G	0.00581943787567837	0.00353188561236334	0.00730218543341691	0.00521298611468199	0.00550507070815719	0.00879083126834688	0.01158860728451	0.00370597936328132	0.00266227553499026	0.00404486787836864	0.00583352556939832	0.000655943721008674	0.033454826097842	0.00845049579011643	0.0066742888834724	0.0132709388457927	0.00546086393512432	0.00399663877990118	0.00802255973726602	0.00417079740636865	0.00913777236191973	0.00429541014192968	0.0277924270764831	0.0144212600872354	0.00563894050673694	0.00321200333877531	0.24263246940635	0.00480936776466984	0.00551641819072976	0.0103046118646478	0.0176824523524672	0.00348698355494042	0.00258151707670339	0.0192497433706634	0.0145844035394533	0.000680786305070418	0.00254906990906284	0.0195708540190427	0.00721644145215705	0.0304856786625001
T[T>C]T	0.0135837411044387	0.00584325393374288	0.0162409288467012	0.0145457984680747	0.00354856200893929	0.0183905914669396	0.0323520143023398	0.0121741514209782	0.00731892429851067	0.0100824895245562	0.0118470218857705	0.00150007011878123	0.050339153133666	0.0112036875795455	0.0138891552747436	0.0204494499239794	0.0148745516253819	0.00937189696062033	0.00309381844668263	0.0025292582174518	6.9635591762517e-17	0.0164026426482903	0.0523735170042482	0.0205826762095926	0.00390779326379324	0.00760107364621651	0.00224556055761679	0.00731853744209611	0.00780793658992369	0.0219940872264803	0.0416123182457422	0.0144185322397681	0.107064165063115	0.0165334384594466	0.0077179757269775	0.002843550183185	0.00653368487229946	0.0316329073961589	0.0041978577915913	0.00884503529796579
A[T>G]A	0.00323426881611228	0.0018608624983781	0.00801497873399847	0.00436176038085376	0.00132910129979312	0.00555498776116619	0.000262331589841424	0.00203762826102363	0.0029285022332645	0.00397106971870151	0.00502116427554836	0.00048668985001079	0.000584449201876695	0.000332838907439007	1.41780345930071e-25	0.0104379016746145	0.00407085214126453	0.00324741134886268	0.00137344914853294	0.0042554064206642	1.61113939795962e-14	0.00538097254175778	0.00158442563161141	0.00493642669214604	0.00622495782570137	0.00391676195471412	0.00136609786145808	0.00368446790080245	0.00291161793486553	0.00632975361779617	0.000698657964053258	0.00483567709487756	0.00679244477900084	0.00459819805608009	0.0257874597474358	0.000320473235377006	0.00239334034283179	0.00553818511066973	0.000552261015562973	0.00309739216110025
A[T>G]C	0.00152563644411978	0.000673675691615659	0.00262157120872505	0.00190032299139969	0.000336798587937994	0.0026747515209459	0.000576851090808667	0.000749612943110325	0.00120393418965059	0.00160336445768724	0.00297550125960181	0.000135211150396234	0.000798632503305843	0.0023000198479814	0.000669372884137366	0.00312175195035268	0.00371861601831621	0.0013902968974419	0.00153088421651336	0.000249517536998747	0.00407577249995981	0.00321654696877916	0.00181838700378639	0.00822730927267056	0.000728827586940869	0.0017971485393783	0.00101622546877444	0.00104336385968775	0.000815545782995397	0.00114791347431452	0.00112410152522307	0.00241342403107678	0.00276211943283603	0.001769251167372	0.00237197756633879	0.000337424284967374	0.00127858184949798	0.00368449778157824	0.00229863496608829	0.00467731558204755
A[T>G]G	0.00231909980969891	0.00167510093104786	0.00713105235620355	0.00722111259642226	0.00116832747818	0.00469623130478442	0.000361123676637173	0.00159786198609784	0.00768711391137868	0.00619323658892409	0.00212477973494265	0.000867778005243842	0.00119820514499601	0.000851561520167812	0.00026133029640303	0.00469382561845558	0.00256699473491754	0.00232933582788168	0.000974392760572542	0.00233141068529842	0.00431163360818131	0.00436658670498191	0.00153441874517961	0.0055094437962388	0.00134464183763398	0.00333746852243865	0.00530559100655392	0.00177460763040662	0.00184730878806303	0.0048134118837961	0.000771966854383428	0.00174082681326703	0.00145392893575373	0.00314269033401627	0.0045769063527924	0.000315859955115198	0.00309132023071002	0.00261008657566693	0.011302678549446	0.00660104530507097
A[T>G]T	0.00343118788471235	0.00207279260282748	0.00551634340635207	0.00465874294940311	0.000651502119129919	0.00653946926596373	0.00121249555349904	0.00159797588675825	0.00267609027348036	0.00293051553160425	0.0246140299938692	0.000362547429060755	0.00221258586512247	0.0113489140256122	0.00211700409743816	0.00549237703442297	0.0334289567976994	0.00392211902460629	0.00113780268538723	0.00178502545218852	0.00271868801720487	0.00432076558709456	0.0039635293881674	0.0504203690667274	0.00625353968435435	0.00295582233659207	0.00158569495846369	0.0016111831392694	0.00123233896757315	0.0127860770540476	0.00228286541623495	0.00623845304183614	0.0049843803948894	0.00531773677185052	0.00868778310018464	0.000667461182667879	0.00414240643275326	0.00708924542049978	0.000170025105236704	0.00503069937559281
C[T>G]A	0.0014164739065158	0.0012603126493239	0.00455986075038305	0.00375238221808106	0.00105917420561891	0.0025164399389201	0.000404832146598008	0.000540739213329067	0.00199549133222139	0.00572392198837256	0.0052534653717411	0.000127546658620139	0.00135680273264178	0.000769399787948961	0.000237946393201468	0.00373039216867549	0.00359865095590195	0.00194338728837893	0.00019241707104351	0.00349654089665482	0.00248094123400436	0.00254763135194155	0.00102120712808098	0.00721672927508055	0.00156766094341765	0.00224071981440703	0.00778027361453578	7.93210634350216e-19	0.000974313460891123	0.0036189120540736	0.000675145395333277	1.26315504194871e-18	0.00162305583542059	0.00346109662119756	0.0123996611840833	7.32401329653645e-05	0.00118977728939774	0.00195728410892825	0.00334805851502195	0.00148628835967512
C[T>G]C	0.00165746963780894	0.00127659206219738	0.00471879834440023	0.00419043491837329	0.000999352368043088	0.00328797116628654	0.00244228512949526	0.000993702021545655	0.00317684155730511	0.0051271028576828	0.001272541153324	0.000175264318864653	0.00265157890690364	0.00177231969676172	0.00173732332409321	0.00295059603283983	0.0156322073971033	0.00146585499974785	0.00107589279235455	0.00131355889800951	0.00121620702631347	1.11545467977434e-06	0.00525216351656893	0.017117955420182	0.00061749484011318	0.00176520886643608	0.00366189739641013	7.93210634350216e-19	0.000900266958845479	0.00361677767507333	0.00388831227987027	1.26315504194871e-18	0.000493806824442996	0.00280230591767315	0.00573530421456862	0.000702708199688238	0.00189619358481152	0.00359063231665187	0.00666209175868792	0.00323277336594589
C[T>G]G	0.00217112392095439	0.00233417500543987	0.008526273156232	0.00715235167545775	0.00335833592424152	0.00387330705912142	0.00274611961220887	0.00183304411184365	0.00721504460527808	0.00766301094767869	0.00427035383515032	0.00130393331644591	0.00131670460806972	0.00158769663017624	0.00168399788950972	0.00374108903664956	0.00882458689732608	0.00321333802818895	0.00217128748828389	0.00722111093232157	0.00244085079355188	0.004431058724901	0.00624580600814021	0.0153187351721185	0.00150006463155267	0.00336498733896777	0.0048227782303758	0.00282470417493747	0.00254302749402948	0.00524277435764361	0.00450845262676596	1.26315504194871e-18	0.000325802198405005	0.00409649653301082	0.00428192392795961	0.000740999299412463	0.00278796102742419	0.00232850281261945	0.0100961077855105	0.00213629148432923
C[T>G]T	0.00163928114603847	0.00448503384022157	0.00304997373519992	0.00345584155426591	0.00249439401811313	0.00223723101285714	0.00282238558224215	0.00195040752283193	0.00165774955991482	2.59942039273302e-06	0.0131182873627939	0.00104403935344293	0.0037174040562312	0.00771339787047528	3.12722240289003e-05	0.00135498061671319	0.205250665299665	0.00484727808482593	0.00271444758753483	0.00215698488884853	3.21832799686756e-08	0.00603576820979109	0.00430553587649178	0.0991949532778677	0.010303741253274	0.00266909681455044	0.00204584727328556	0.00386312201050794	0.00341459711661114	0.00507162537187272	0.00420446109318088	0.00294342910483433	0.00202122952075371	0.00392892179891184	0.0466803807720207	0.000482442998823894	0.00169316976038087	0.00387675182107994	0.00271186898218584	0.00205061773649849
G[T>G]A	0.00116773354410215	0.000679186461140573	0.00433644814837858	0.00299371483595097	0.000721245237567516	0.00222636245176212	0.000187338707003007	0.000383961818853809	0.00243191464906566	0.00253787266791479	0.00122038036658027	1.32225321774799e-05	0.000624228076860962	0.000593745615067766	0.000203885964333043	0.00262292628920136	0.00119047508890729	0.00112298675293401	1.59186733584759e-59	0.00181428450811524	0.00520374258200976	0.000707549107583044	0.000726031934314543	0.00254371560518059	0.0008851184555863	0.00150993371058787	0.00137443692442802	0.000989453375426815	0.000563903642269432	0.00243730863013059	0.000372910831897227	0.000130435741241792	0.00364298724457179	0.00182967987437469	0.00424576623345229	0.000177079899125112	0.00142152466481657	0.0024712392727876	0.00380174931761787	0.0055970758025378
G[T>G]C	0.00093440097085741	0.000538937564724993	0.00252859140839436	0.001530515181469	0.000273733231935949	0.00184040881975655	0.000629780036464371	0.000291025852964876	0.00128073603091621	0.000444209292820399	0.00155371732512248	0.000105226635564495	0.000114774936958485	0.00250301356051371	0.00260893018227431	0.000972472911717818	0.00369360207839583	0.000684099131557044	0.000337659835938261	0.000419156897800454	0.0051614009113027	0.00163590923147875	0.000952776949214152	0.0043743431265486	0.000530135714824749	0.00366427306811486	0.00113891933214076	0.00418975051018603	0.000639371781292255	0.00232148388876987	0.000910471311153121	1.26315504194871e-18	0.00286085117239243	0.00136427840463494	0.00500247039182596	0.000281549805506289	0.00124778879095865	0.00219947682276656	0.00182889611946495	0.00781515334818806
G[T>G]G	0.00280710635449575	0.00162253789622877	0.0071710489852326	0.00830971189605543	0.00228562657522006	0.00322674398633742	0.00113788413859808	0.00156356722404439	0.00719714505082268	0.00489542015451042	0.000927413988545009	0.0012163350839758	0.00128947195581641	0.00134003121174669	0.00157073887293572	0.00248701225814243	0.00336793111810956	0.00200987163656736	0.000598873776452499	0.00256579869430513	0.00257390630770079	0.00337846002038306	0.00132982182429286	0.00472503816292331	0.00119447776956379	0.00288530634570035	0.0118668121833624	0.00109895909602798	0.00346117688800743	0.00262127415133183	0.00111661977379393	1.26315504194871e-18	0.000534855829518944	0.00227367857571578	0.00187477286859237	0.000179263183624588	0.00261936695161929	0.00444449498118972	0.00792387586139336	0.00724702442869656
G[T>G]T	0.00215865189825508	0.00184458883258137	0.00459041446922288	0.00364718312204586	0.000588240473286794	0.00281557898724661	0.00438315342817834	0.00198172127759726	0.00289120911755109	0.00120531308356214	0.0035117316524145	0.000479373029920285	0.00117681478391058	0.00639225039850876	0.00798880937143258	0.00243390890409027	0.0470470419244324	0.00255614083694366	0.00121332956451407	0.000770096224915845	0.0109426491850793	0.00287915775463933	0.00489597322407916	0.034467844107545	0.00163999535284446	0.0028389973997775	0.00034340622398183	0.00190826732762137	0.000938609633830086	0.00699364714960525	0.00682671419966038	0.00343274278056488	0.0110906143787463	0.00181251138951933	0.0103642270205524	0.00144833191531311	0.00235424735590368	0.00453715335527773	0.00712651725962117	0.00519947835321419
T[T>G]A	0.00278652742765774	0.00241439847462027	0.0109629320827852	0.00419120182550849	0.00131800830319289	0.00527409578837354	0.0002067829891012	0.00358879980855262	0.00216349731004057	0.00561716116070736	0.0194484039143885	0.000449765683281593	0.00157751489373281	0.000989506775689955	0.000148799287530537	0.00756498912065783	0.00742417881739013	0.00426406582063157	0.00132488376688439	0.00378355461513089	0.00355675086031382	0.00388280146654916	0.000384060678613254	0.00921137636682014	0.0100364293383349	0.00499564644176549	0.0018894190763565	0.00184251439286544	0.00259369667061055	0.00946115146014795	0.000922102462633589	0.00529793086669667	0.0161896063291309	0.00557785251897935	0.0524072359310629	0.000583025251592364	0.00251335760094531	0.00644230686772137	0.00818250667342366	0.00268017114823654
T[T>G]C	0.00188889656813892	0.00114202593224076	0.0048945384897686	0.00366964468472275	0.000658251355595507	0.00493540329048504	0.000550907257324021	0.00303098882442954	0.00260429830023779	0.00370336935136749	0.00683094354333081	0.000395597518561861	0.00148044829650303	0.00391084100425482	0.000643986308148278	0.003915290341921	0.00626081025744444	0.00159347629627373	0.000808838513444287	0.000758494358914661	0.00471861692232578	0.00549504478497951	0.00102466329662404	0.0135172557480841	0.0014818111002197	0.00302083863872009	0.00123047476563019	0.00108824161646414	0.000727764838220019	0.00473417734787695	0.000661109032104383	0.000895781568262559	0.0111102819703992	0.00301573824093981	0.0127340740546636	0.000554918985755612	0.00197157680031269	0.00400723418648019	0.00481821454024346	0.0049610130590002
T[T>G]G	0.00294000833113085	0.0021042988955075	0.00900856263516	0.00907806257369641	0.00224318316292768	0.00571835644042791	0.00212945968624139	0.00249918507980641	0.00735492065149506	0.00954902117687144	0.00339003960350383	0.00105469947696656	0.00193479450192056	0.000738586008166822	0.0013501261886304	0.00630197638322524	0.00499974754702507	0.003454349804503	0.00168931464292874	0.00403615931771946	0.000116391615874462	0.00228142810351389	0.00277444509980004	0.0106364532550215	0.00256159217754566	0.00453536246489964	0.00282894960925018	0.00272265866476796	0.00267051112143238	0.00482475053029251	0.00346770299621634	0.000922321558091605	0.00404935048850246	0.0047987839557315	0.0119368735510007	0.000673023934059887	0.00439152038983672	0.0041034279785147	0.00579266941868303	0.00538473175229281
T[T>G]T	0.00825140896825656	0.00494947049280326	0.0125758653672007	0.00779260561240481	0.00166323237212594	0.0115022097660208	0.0114135614473666	0.0106721839437452	0.0065135427976592	0.00998278911492474	0.119603399603862	0.00107455432256017	0.00369367517854541	0.0255784576481408	0.00714483449728924	0.00812674499381918	0.0730881746075317	0.00876063858937098	0.00348068183177068	0.00246418639736292	0.00692661202246291	0.00796565703451163	0.00883939294182296	0.103107753479415	0.0103465707229781	0.00695720564556404	0.00499055600969447	0.0125226119720846	0.00436121540776595	0.0251918251068169	0.0146196164861299	0.0112514264738147	0.0916020604655439	0.00994919311994676	0.0442295108515737	0.00263114852052512	0.00810610022408467	0.012441787417488	0.00812698137132946	0.00520946758715771
